0000000000.000000 0.0852068 -0.184218 0.0073505 -0.0135312 -0.00068548 0.0197588 0.999713
0000000001.000000 -0.0197276 1.79351 -0.414762 -0.0272639 0.00394933 0.0221718 0.999375
0000000004.000000 2.2739 -0.0054399 0.0828474 -0.0206625 0.00542841 0.00327328 0.999766
0000000005.000000 2.24727 2.01864 -0.132807 -0.0409155 -0.00268292 0.00256629 0.999156
0000000008.000000 4.25885 -0.0614761 -0.0887731 -0.0174154 -0.0122463 0.0380596 0.999049
0000000009.000000 4.24727 2.16032 -0.209804 -0.029293 -0.0211506 0.0446569 0.998349
0000000012.000000 6.43351 0.127736 -0.0340462 -0.0132546 -0.0156931 0.0622288 0.99785
0000000013.000000 6.22434 2.23877 -0.0771116 -0.0341911 -0.00975399 0.0393669 0.998592
0000000016.000000 0.190209 -0.102408 1.93064 -0.0311327 -0.0190806 0.0147328 0.999225
0000000017.000000 0.092075 1.91965 1.70443 -0.0433231 0.000592393 0.00650754 0.99904
0000000020.000000 2.15112 -0.0479952 1.94756 -0.0481031 -0.00923693 0.00813905 0.998767
0000000021.000000 2.28923 1.95833 1.81893 -0.0475282 -0.0202415 0.0196782 0.998471
0000000024.000000 4.41701 0.203761 2.00188 -0.03177 -0.0190223 0.053032 0.997906
0000000025.000000 4.19892 2.08599 1.78143 -0.0549871 -0.0200516 0.0297149 0.997843
0000000028.000000 6.46802 0.340131 2.11307 -0.0279468 -0.0442376 0.0529837 0.997224
0000000029.000000 6.20927 2.33131 1.86196 -0.0511351 -0.0433643 0.0465913 0.996661
0000000032.000000 0.104369 -0.045723 3.92569 -0.0241149 -0.0441858 0.0291772 0.998306
0000000033.000000 0.0338145 2.00448 3.74489 -0.0638496 -0.0266225 0.0586703 0.995878
0000000036.000000 2.18693 -0.0492318 4.19408 -0.0429115 -0.0177053 0.0199411 0.998723
0000000037.000000 2.17001 2.10395 4.01146 -0.0701718 -0.0510708 0.00887345 0.996187
0000000040.000000 4.16832 0.279312 4.17609 -0.0220961 -0.0168667 0.00526342 0.9996
0000000041.000000 4.13803 2.27911 3.86228 -0.0453552 -0.0508081 0.0430153 0.99675
0000000044.000000 6.3178 0.405084 4.18493 -0.0515025 -0.0383382 0.0408366 0.997101
0000000045.000000 6.13813 2.3994 4.03534 -0.0430088 -0.0373745 0.0434376 0.99743
0000000048.000000 -0.00692757 0.150091 6.02851 -0.056704 -0.0288082 0.0528959 0.996573
0000000049.000000 -0.125041 2.18595 5.84584 -0.0442343 -0.00943254 0.0501455 0.997717
0000000052.000000 1.87668 0.461348 6.00388 -0.0304237 -0.047423 0.035355 0.997785
0000000053.000000 1.81188 2.45982 5.88081 -0.0378508 -0.0330963 0.0400943 0.99793
0000000056.000000 4.13598 0.572462 6.26223 -0.0313079 -0.0639733 0.0629293 0.995473
0000000057.000000 4.01476 2.52678 5.78379 -0.0235087 -0.0390474 0.0308714 0.998484
0000000060.000000 6.14771 0.807159 6.30498 -0.0370343 -0.0592725 0.0196108 0.997362
0000000061.000000 6.16236 2.57244 6.038 -0.032763 -0.0470737 0.0237023 0.998073
