0000000002.000000 0.07873 3.73433 -0.661969 -0.0289487 0.000888407 0.00679116 0.999557
0000000003.000000 -0.240539 5.72225 -0.769142 -0.00526553 -0.0498419 0.0218195 0.998505
0000000006.000000 2.12829 4.15239 -0.464706 -0.0565171 -0.0339854 -0.0355751 0.997189
0000000007.000000 2.04558 6.02229 -0.417695 -0.044207 -0.0468224 0.00189539 0.997923
0000000010.000000 3.97554 4.22029 -0.262699 -0.0368304 -0.012365 0.0143215 0.999142
0000000011.000000 3.93475 6.03281 -0.467128 -0.0710957 -0.0442373 0.00234497 0.996485
0000000014.000000 6.10183 4.12525 -0.289924 -0.0224367 -0.0122917 0.0583138 0.99797
0000000015.000000 6.0877 6.02741 -0.341068 -0.0774835 -0.0392628 0.0386283 0.995471
0000000018.000000 0.0508028 3.91215 1.6383 -0.0271497 -0.022049 0.0154166 0.999269
0000000019.000000 -0.305086 5.88257 1.54626 -0.0456852 -0.0174868 0.015756 0.998679
0000000022.000000 2.0247 3.92543 1.54972 -0.0262622 -0.0183224 0.00753645 0.999459
0000000023.000000 2.00763 6.15178 1.44624 -0.0492618 -0.0417847 0.000407442 0.997911
0000000026.000000 4.00597 4.06934 1.64155 -0.0366454 -0.0190303 0.0183274 0.998979
0000000027.000000 3.82807 6.22676 1.56931 -0.0550614 -0.0572678 0.0209996 0.996618
0000000030.000000 6.2652 4.27869 1.79143 -0.0511676 -0.0264893 0.0344222 0.997745
0000000031.000000 6.02727 6.51902 1.66764 -0.0593948 -0.0566533 0.0351732 0.996005
0000000034.000000 -0.215657 4.17638 3.62603 -0.0567971 -0.0424888 0.0564445 0.995883
0000000035.000000 -0.35832 6.10851 3.67283 -0.0357501 -0.0024737 0.0385154 0.998615
0000000038.000000 1.98918 4.17246 3.67124 -0.0666607 -0.00456075 0.0399043 0.996967
0000000039.000000 1.74005 6.02537 3.55136 -0.0617878 0.0050289 0.0278497 0.997688
0000000042.000000 4.05478 4.23281 3.64238 -0.0454482 -0.0319037 0.0380513 0.997732
0000000043.000000 3.74436 6.29545 3.45797 -0.0466052 -0.00445752 0.0340457 0.998323
0000000046.000000 6.07436 4.40549 3.83115 -0.0682356 -0.045696 0.0488361 0.995425
0000000047.000000 5.72826 6.40113 3.60318 -0.0514853 -0.0444012 0.0399107 0.996888
0000000050.000000 -0.341799 4.205 5.89627 -0.0519464 -0.0158199 0.0156277 0.998402
0000000051.000000 -0.301716 6.25035 5.54413 -0.0444515 -0.0188843 0.0145031 0.998728
0000000054.000000 1.88499 4.20415 5.82622 -0.0322256 -0.0256984 0.0401729 0.998342
0000000055.000000 1.81969 6.29734 5.59029 -0.0408385 -0.0129931 0.0460835 0.998018
0000000058.000000 3.93649 4.44898 5.82601 -0.0250279 -0.0390755 0.0412562 0.99807
0000000059.000000 3.76825 6.55124 5.83085 -0.0391623 -0.0188769 0.0736748 0.996334
0000000062.000000 6.10156 4.74075 5.99595 -0.0280329 -0.0364115 0.0301645 0.998488
0000000063.000000 5.92147 6.67618 5.86681 -0.0363634 -0.0324511 0.0513938 0.997488
