0000000002.000000 -0.151497 4.37365 0.0707807 0.0167435 -0.0182689 0.0676185 0.997403
0000000003.000000 -0.498715 6.37858 0.337009 -0.00106965 0.00112033 0.0499452 0.998751
0000000006.000000 1.79416 4.57923 0.215276 0.0443461 0.00401892 0.0666268 0.996784
0000000007.000000 1.60023 6.49999 0.511765 0.021374 -0.00805801 0.045484 0.998704
0000000018.000000 -0.217937 4.24423 2.16124 0.0423421 -0.00184701 0.0575065 0.997445
0000000019.000000 -0.547271 6.36877 2.44339 -0.0182742 0.0181687 0.0260098 0.999329
0000000022.000000 1.70253 4.28744 2.28014 0.0535578 0.0237784 0.0378928 0.997562
0000000023.000000 1.37853 6.44353 2.33658 0.0315131 0.0135458 0.0378216 0.998696
0000000034.000000 0.012193 4.01784 4.29461 0.0209801 6.34127e-05 0.0412772 0.998927
0000000035.000000 -0.320652 6.21788 4.35969 0.00833368 0.00312825 0.0269843 0.999596
0000000038.000000 1.85908 4.04103 4.35362 0.0306814 0.010636 0.0291988 0.999046
0000000039.000000 1.52329 6.23466 4.53558 0.0126779 0.0111244 0.0263396 0.999511
0000000050.000000 -0.277677 4.02285 6.4803 0.0209479 0.00386818 0.0764244 0.996848
0000000051.000000 -0.55229 6.18869 6.50301 0.00616729 -0.034611 0.0511106 0.998074
0000000054.000000 1.74167 4.13914 6.37824 0.0344081 0.013108 0.0290024 0.998901
0000000055.000000 1.64382 6.36559 6.46131 0.0184934 -0.0279918 0.037062 0.99875
