0000000008.000000 4.40463 0.6836 -0.121434 0.0568118 -0.0057658 0.078604 0.995269
0000000009.000000 3.97215 2.86522 0.184312 0.0388829 -0.015379 0.0668818 0.996884
0000000012.000000 6.38923 1.04052 0.213715 0.0459183 -0.0192505 0.0582214 0.997061
0000000013.000000 6.06589 3.04007 0.312097 0.0305174 -0.0133573 0.0592876 0.997685
0000000024.000000 4.48473 0.561948 2.0435 0.0309145 -0.00542395 0.0646971 0.997411
0000000025.000000 4.04485 2.62073 2.17179 0.0350549 -0.000713132 0.0333452 0.998829
0000000028.000000 6.11187 0.825656 2.02153 0.0323944 -0.0128403 0.0360819 0.998741
0000000029.000000 6.16199 2.90038 2.23773 0.0451494 0.0100098 0.0536541 0.997488
0000000040.000000 4.34457 0.411468 4.03044 0.0264865 0.015421 0.0569367 0.997907
0000000041.000000 3.82873 2.42362 4.25955 0.0371055 0.015773 0.056403 0.997594
0000000044.000000 6.32092 0.706018 4.03867 0.0288987 0.00604447 0.0408328 0.99873
0000000045.000000 6.07443 2.6745 4.11536 0.0460675 0.0170659 0.0618519 0.996876
0000000056.000000 4.24506 0.148503 6.10993 0.0258734 0.0104313 0.0624875 0.997656
0000000057.000000 3.97607 2.24838 6.23791 0.0121284 0.0229782 0.0242609 0.999368
0000000060.000000 6.39594 0.541053 6.11862 0.0511662 0.0249693 0.0408662 0.997541
0000000061.000000 6.08667 2.32161 6.30819 0.0336255 0.0159418 0.0492826 0.998091
