0000000000.000000 0.325749 0.210135 0.0462128 0.00270783 0.0121983 0.00760222 0.999893
0000000001.000000 -0.00914015 2.36421 0.0491284 0.00723505 0.0177555 0.0421533 0.998927
0000000004.000000 2.47556 0.672205 -0.00567493 0.0241178 -0.00161491 0.0612112 0.997832
0000000005.000000 1.99259 2.62055 -0.0942633 0.0572224 -0.00939641 0.0601806 0.996502
0000000016.000000 0.425007 0.0576955 1.86964 0.0143717 -0.00399476 0.0494458 0.998665
0000000017.000000 -0.0247074 2.3432 2.11118 0.0298366 0.018622 0.0371905 0.998689
0000000020.000000 2.61414 0.370012 1.96921 0.0206406 -0.0100839 0.0799798 0.996532
0000000021.000000 1.98284 2.36774 2.09987 0.0358364 -0.00230815 0.0284661 0.99895
0000000032.000000 0.285813 -0.00767748 4.05366 0.0308566 0.0110908 0.0453295 0.998434
0000000033.000000 0.0433561 1.96297 4.23492 0.0437835 -0.00682375 0.0599875 0.997215
0000000036.000000 2.34063 0.256107 3.91585 0.034028 0.0145017 0.0536455 0.997875
0000000037.000000 1.98125 2.04181 4.33621 0.0216691 0.000358713 0.049242 0.998552
0000000048.000000 0.311693 -0.127418 6.08213 0.0511379 -0.0151344 0.0790282 0.995445
0000000049.000000 -0.158752 2.00804 6.1662 0.0513539 0.0130241 0.0465499 0.99751
0000000052.000000 2.25944 0.0720014 6.1249 0.0355973 -0.00248955 0.0573979 0.997713
0000000053.000000 1.92828 2.16482 6.33572 0.0459853 0.0209897 0.0568182 0.997104
