0000000010.000000 3.71644 4.71308 0.293542 0.0641272 0.00315069 0.0516424 0.9966
0000000011.000000 3.52996 6.97288 0.600595 0.0302027 0.00834577 0.0342622 0.998922
0000000014.000000 5.64619 5.15717 0.456858 0.0770703 -0.0211973 0.0470513 0.995689
0000000015.000000 5.53552 7.29856 0.866684 0.0653542 -0.00020154 0.0395872 0.997077
0000000026.000000 3.84455 4.62401 2.26971 0.0359778 0.0343435 0.0671063 0.996505
0000000027.000000 3.44228 6.68767 2.49458 0.0333707 0.00980026 0.0333479 0.998838
0000000030.000000 5.82003 4.96558 2.38197 0.0310486 0.0220272 0.0696361 0.996846
0000000031.000000 5.59436 7.02669 2.4512 0.0330445 -0.00701276 0.0434449 0.998485
0000000042.000000 3.8835 4.30144 4.24404 0.0287226 0.00533152 0.0485573 0.998393
0000000043.000000 3.54259 6.36776 4.4703 0.0407751 0.0215967 0.0372897 0.998239
0000000046.000000 5.87534 4.58718 4.34657 0.0349452 0.0104688 0.0449395 0.998323
0000000047.000000 5.58415 6.61887 4.37942 0.0455254 0.0128651 0.0355324 0.998248
0000000058.000000 3.92249 4.22597 6.1357 0.014384 0.00221179 0.0499709 0.998645
0000000059.000000 3.72475 6.32008 6.26549 0.0278886 -0.0273849 0.0505992 0.997954
0000000062.000000 5.95137 4.32716 6.28946 0.0158375 0.00539125 0.0526207 0.998474
0000000063.000000 5.65871 6.54277 6.35794 0.0310423 -0.000965219 0.0488437 0.998323
